3.934617700000000000e+07
4.961075900000000000e+07
3.238298700000000000e+07
1.597452000000000000e+06
2.857371100000000000e+07
4.284418300000000000e+07
2.686978700000000000e+07
2.950761500000000000e+07
4.752182400000000000e+07
4.292611900000000000e+07
1.395921000000000000e+07
4.300000000000000000e+01
7.372842000000000000e+06
1.975914700000000000e+07
2.604242200000000000e+07
4.843935300000000000e+07
1.978373700000000000e+07
1.878431400000000000e+07
2.483820500000000000e+07
5.120006200000000000e+07
5.572205100000000000e+07
7.684169000000000000e+06
4.823457600000000000e+07
2.795938200000000000e+07
6.037590000000000000e+06
2.263458400000000000e+07
4.394197400000000000e+07
4.297532600000000000e+07
4.249200200000000000e+07
3.723274500000000000e+07
3.008932400000000000e+07
3.191614100000000000e+07
1.189489400000000000e+07
5.165067000000000000e+07
2.548542400000000000e+07
5.593508900000000000e+07
3.833048200000000000e+07
1.032203500000000000e+07
4.788235000000000000e+07
1.497510300000000000e+07
1.280000000000000000e+02
4.790694700000000000e+07
1.340000000000000000e+02
1.728525700000000000e+07
8.446095000000000000e+06
3.012213200000000000e+07
1.490000000000000000e+02
3.578280400000000000e+07
4.845583100000000000e+07
4.140251600000000000e+07
4.831658100000000000e+07
1.837482800000000000e+07
3.475064600000000000e+07
3.113797400000000000e+07
2.188920800000000000e+07
3.650373500000000000e+07
4.821829800000000000e+07
3.314502100000000000e+07
1.232096200000000000e+07
1.066920000000000000e+05
4.862791000000000000e+07
4.857875900000000000e+07
4.447456800000000000e+07
4.781690700000000000e+07
3.315322800000000000e+07
3.253883100000000000e+07
2.128302300000000000e+07
4.528558500000000000e+07
1.754747400000000000e+07
4.037038500000000000e+07
2.288866300000000000e+07
1.328763900000000000e+07
3.146568800000000000e+07
4.861974600000000000e+07
4.214806700000000000e+07
3.261258100000000000e+07
1.674000000000000000e+03
2.350000000000000000e+02
1.783422600000000000e+07
4.978303600000000000e+07
5.584511700000000000e+07
5.582054100000000000e+07
4.585907500000000000e+07
4.957005400000000000e+07
4.641613500000000000e+07
4.798080600000000000e+07
4.466304900000000000e+07
3.425921000000000000e+07
2.670000000000000000e+02
1.233742000000000000e+07
1.354983600000000000e+07
3.688065300000000000e+07
3.839617100000000000e+07
3.533236900000000000e+07
1.939073900000000000e+07
4.515458200000000000e+07
1.604021600000000000e+07
4.429442500000000000e+07
3.588124600000000000e+07
2.621468600000000000e+07
9.920800000000000000e+06
1.642524800000000000e+07
3.446403700000000000e+07
4.775965300000000000e+07
1.314026400000000000e+07
1.436906700000000000e+07
2.419947400000000000e+07
5.555845100000000000e+07
1.611397600000000000e+07
4.265605800000000000e+07
2.291333800000000000e+07
5.366079000000000000e+06
4.582636800000000000e+07
1.723628800000000000e+07
4.754669000000000000e+07
2.284780800000000000e+07
4.365549200000000000e+07
3.260000000000000000e+02
3.294855000000000000e+07
6.586200000000000000e+04
8.937804000000000000e+06
5.109383700000000000e+07
4.603118400000000000e+07
1.545044800000000000e+07
4.178772800000000000e+07
3.400000000000000000e+02
3.180987600000000000e+07
3.874850200000000000e+07
4.429449200000000000e+07
1.866173000000000000e+07
4.414704300000000000e+07
3.288304600000000000e+07
2.301987900000000000e+07
3.314900000000000000e+04
3.720845000000000000e+07
4.100953800000000000e+07
4.155841900000000000e+07
3.703189000000000000e+06
1.087119200000000000e+07
7.176605000000000000e+06
2.487133000000000000e+07
1.313219800000000000e+07
4.135363900000000000e+07
1.384490400000000000e+07
2.593630200000000000e+07
4.337707100000000000e+07
5.583710800000000000e+07
4.380000000000000000e+02
4.678071000000000000e+06
5.568966600000000000e+07
2.187715000000000000e+06
2.771398800000000000e+07
4.520000000000000000e+02
1.409478000000000000e+06
5.438714200000000000e+07
4.822676000000000000e+07
2.296263200000000000e+07
1.069540000000000000e+05
3.829805900000000000e+07
1.625338500000000000e+07
2.298721100000000000e+07
4.961400000000000000e+04
2.833659100000000000e+07
4.961500000000000000e+04
4.757960300000000000e+07
3.562747800000000000e+07
3.555375100000000000e+07
4.523669900000000000e+07
1.993980900000000000e+07
4.491721800000000000e+07
3.157244900000000000e+07
4.865277400000000000e+07
3.426762500000000000e+07
4.861182200000000000e+07
4.960000000000000000e+02
2.283979400000000000e+07
4.179608600000000000e+07
5.030000000000000000e+02
5.333042700000000000e+07
1.334527600000000000e+07
2.716517900000000000e+07
1.203455700000000000e+07
2.643609100000000000e+07
3.723316000000000000e+07
4.544973600000000000e+07
4.748954800000000000e+07
3.133493200000000000e+07
4.223029200000000000e+07
2.736181200000000000e+07
1.692800000000000000e+04
1.693100000000000000e+04
5.600106000000000000e+07
1.693300000000000000e+04
5.600106200000000000e+07
8.020519000000000000e+06
1.693600000000000000e+04
1.693800000000000000e+04
1.693900000000000000e+04
3.332500000000000000e+04
1.694700000000000000e+04
1.694800000000000000e+04
5.600927900000000000e+07
1.695900000000000000e+04
1.696000000000000000e+04
3.250643400000000000e+07
2.999149600000000000e+07
1.814586500000000000e+07
4.172244100000000000e+07
5.870000000000000000e+02
3.948602700000000000e+07
2.397037900000000000e+07
1.697400000000000000e+04
2.516700000000000000e+04
4.287752300000000000e+07
2.975393900000000000e+07
3.833096400000000000e+07
5.990000000000000000e+02
1.698700000000000000e+04
3.813436900000000000e+07
3.148246600000000000e+07
3.368611700000000000e+07
4.380324100000000000e+07
4.081316100000000000e+07
2.764862300000000000e+07
6.280000000000000000e+02
1.701500000000000000e+04
1.701700000000000000e+04
1.291942000000000000e+07
6.420000000000000000e+02
4.615437000000000000e+07
4.298407100000000000e+07
4.765351200000000000e+07
1.389428200000000000e+07
4.582670000000000000e+07
4.735041500000000000e+07
1.009320500000000000e+07
2.870543000000000000e+07
3.741352600000000000e+07
5.039784800000000000e+07
2.940175500000000000e+07
1.773634900000000000e+07
4.769449800000000000e+07
7.440400000000000000e+04
1.790019800000000000e+07
3.428419800000000000e+07
6.800000000000000000e+02
5.011933700000000000e+07
5.598481100000000000e+07
2.759953200000000000e+07
6.234797000000000000e+06
3.347320000000000000e+07
4.847275900000000000e+07
1.411551300000000000e+07
3.577516500000000000e+07
5.133177400000000000e+07
1.708900000000000000e+04
6.624100000000000000e+04
3.501331800000000000e+07
3.721696700000000000e+07
3.166279200000000000e+07
3.076167500000000000e+07
4.831713400000000000e+07
2.590382200000000000e+07
4.440955200000000000e+07
4.000225900000000000e+07
7.445100000000000000e+04
4.580220100000000000e+07
5.596847300000000000e+07
1.711500000000000000e+04
3.773308400000000000e+07
2.324963000000000000e+07
3.862601700000000000e+07
2.987696200000000000e+07
7.400000000000000000e+02
2.862359000000000000e+07
4.431130000000000000e+05
4.231243500000000000e+07
7.560000000000000000e+02
1.714600000000000000e+04
7.640000000000000000e+02
4.771916500000000000e+07
3.144166300000000000e+07
6.087423000000000000e+06
6.365957000000000000e+06
7.730000000000000000e+02
7.760000000000000000e+02
4.622823300000000000e+07
3.354500000000000000e+04
3.944526000000000000e+07
1.716700000000000000e+04
4.823528000000000000e+07
7.870000000000000000e+02
3.356000000000000000e+04
1.491023200000000000e+07
3.695490600000000000e+07
8.987000000000000000e+03
3.285890700000000000e+07
8.990000000000000000e+03
2.325789000000000000e+07
4.437687000000000000e+07
1.303428100000000000e+07
8.110000000000000000e+02
2.312682800000000000e+07
8.120000000000000000e+02
7.454500000000000000e+04
3.652894900000000000e+07
5.816500000000000000e+04
2.132459800000000000e+07
8.250000000000000000e+02
2.940191400000000000e+07
1.721000000000000000e+04
5.564089200000000000e+07
3.466118100000000000e+07
4.336108200000000000e+07
8.310000000000000000e+02
4.553196800000000000e+07
8.300000000000000000e+02
4.652320400000000000e+07
8.400000000000000000e+02
9.035000000000000000e+03
5.327342300000000000e+07
4.797320200000000000e+07
2.860731600000000000e+07
5.572283900000000000e+07
4.105096700000000000e+07
4.828450300000000000e+07
1.983369800000000000e+07
5.601776200000000000e+07
8.660000000000000000e+02
2.247152500000000000e+07
3.680752700000000000e+07
9.066000000000000000e+03
1.527895500000000000e+07
1.680247000000000000e+06
2.782091900000000000e+07
3.930610300000000000e+07
1.385356200000000000e+07
2.728025100000000000e+07
9.084000000000000000e+03
8.920000000000000000e+02
2.936921700000000000e+07
3.627507300000000000e+07
9.090000000000000000e+03
5.636996000000000000e+06
5.594406900000000000e+07
7.201669000000000000e+06
2.094784700000000000e+07
3.946996300000000000e+07
4.797326000000000000e+07
5.588673300000000000e+07
6.644600000000000000e+04
3.316212600000000000e+07
1.729600000000000000e+04
9.170000000000000000e+02
9.200000000000000000e+02
9.053088000000000000e+06
9.330000000000000000e+02
1.085533500000000000e+07
9.370000000000000000e+02
9.380000000000000000e+02
4.539281400000000000e+07
4.242731200000000000e+07
9.175987000000000000e+06
7.414712000000000000e+06
3.736512000000000000e+06
1.974368100000000000e+07
6.649800000000000000e+04
9.610000000000000000e+02
4.814534800000000000e+07
2.387244900000000000e+07
1.734600000000000000e+04
2.939386900000000000e+07
9.740000000000000000e+02
1.896545300000000000e+07
3.131899200000000000e+07
4.128866400000000000e+07
4.462280900000000000e+07
2.213576800000000000e+07
2.022703500000000000e+07
1.863778900000000000e+07
5.596054300000000000e+07
4.821910500000000000e+07
5.601789600000000000e+07
1.002000000000000000e+03
4.434430000000000000e+07
2.338917500000000000e+07
4.778495200000000000e+07
1.783500900000000000e+07
4.701491900000000000e+07
5.519053600000000000e+07
1.550029800000000000e+07
2.583860300000000000e+07
1.342772800000000000e+07
4.293531300000000000e+07
4.519630800000000000e+07
2.915637200000000000e+07
5.351119100000000000e+07
1.848220000000000000e+07
4.315650700000000000e+07
1.949801200000000000e+07
8.448280000000000000e+05
9.028637000000000000e+06
4.756380700000000000e+07
8.938528000000000000e+06
4.779318600000000000e+07
2.040866000000000000e+06
5.160246800000000000e+07
3.076202200000000000e+07
5.256093800000000000e+07
3.383600000000000000e+04
3.951927700000000000e+07
1.627038500000000000e+07
1.076000000000000000e+03
4.459013400000000000e+07
4.229638300000000000e+07
3.806112000000000000e+07
3.071289600000000000e+07
2.007149700000000000e+07
9.291000000000000000e+03
3.131911600000000000e+07
4.851412500000000000e+07
1.924411200000000000e+07
7.483900000000000000e+04
4.353340000000000000e+07
1.319842900000000000e+07
1.118000000000000000e+03
4.393481500000000000e+07
2.873865600000000000e+07
1.294448300000000000e+07
1.863792500000000000e+07
5.601802200000000000e+07
1.127000000000000000e+03
9.320000000000000000e+03
4.960368600000000000e+07
1.133000000000000000e+03
4.715429600000000000e+07
9.338000000000000000e+03
4.100210700000000000e+07
3.174514800000000000e+07
9.342000000000000000e+03
1.814643100000000000e+07
6.431873000000000000e+06
3.426829000000000000e+07
5.569037400000000000e+07
5.586240600000000000e+07
1.160000000000000000e+03
4.211900000000000000e+04
9.094286000000000000e+06
1.149454800000000000e+07
1.176000000000000000e+03
9.368000000000000000e+03
1.220726600000000000e+07
4.551593900000000000e+07
1.973572700000000000e+07
3.415364700000000000e+07
5.597713900000000000e+07
3.371948000000000000e+07
2.440518100000000000e+07
1.214000000000000000e+03
1.215000000000000000e+03
5.500840000000000000e+05
3.969146000000000000e+07
6.423748000000000000e+06
2.666618500000000000e+07
5.592801300000000000e+07
9.053392000000000000e+06
2.893538400000000000e+07
4.309116400000000000e+07
1.887561200000000000e+07
1.500898800000000000e+07
1.842505800000000000e+07
2.790320400000000000e+07
4.726090200000000000e+07
2.368743000000000000e+06
1.709796200000000000e+07
4.369738700000000000e+07
6.481132000000000000e+06
4.164938900000000000e+07
7.499100000000000000e+04
9.456000000000000000e+03
2.682187500000000000e+07
3.349835800000000000e+07
4.376293500000000000e+07
6.972664000000000000e+06
3.024614200000000000e+07
2.583065800000000000e+07
2.202957100000000000e+07
4.772788100000000000e+07
2.312730500000000000e+07
5.057870400000000000e+07
4.614683300000000000e+07
4.713806500000000000e+07
5.573147400000000000e+07
2.248834000000000000e+07
4.842421300000000000e+07
9.141900000000000000e+04
3.608707300000000000e+07
4.226384300000000000e+07
5.334307000000000000e+06
2.374173500000000000e+07
1.550877600000000000e+07
3.539895300000000000e+07
1.606583600000000000e+07
1.331000000000000000e+03
3.694725300000000000e+07
4.873554400000000000e+07
1.346000000000000000e+03
2.529824300000000000e+07
4.031812000000000000e+06
1.355091600000000000e+07
2.924679100000000000e+07
4.273082400000000000e+07
3.457159900000000000e+07
1.943278700000000000e+07
2.308642000000000000e+07
3.397359200000000000e+07
3.054934500000000000e+07
9.570000000000000000e+03
4.122352800000000000e+07
1.855626400000000000e+07
5.477309600000000000e+07
9.581000000000000000e+03
4.658929400000000000e+07
9.969700000000000000e+04
9.463154000000000000e+06
2.212798800000000000e+07
1.704076200000000000e+07
4.586841700000000000e+07
5.601830600000000000e+07
5.523187500000000000e+07
4.946470900000000000e+07
2.017831300000000000e+07
1.829415600000000000e+07
4.423003100000000000e+07
3.488296000000000000e+07
4.853902500000000000e+07
2.619944300000000000e+07
3.665244400000000000e+07
2.548674900000000000e+07
5.596098800000000000e+07
4.420547400000000000e+07
9.635000000000000000e+03
4.435293100000000000e+07
5.601834800000000000e+07
4.835063900000000000e+07
9.651000000000000000e+03
1.462000000000000000e+03
2.199698400000000000e+07
2.883730900000000000e+07
2.371731700000000000e+07
3.211412200000000000e+07
4.019962800000000000e+07
4.228040000000000000e+07
4.255893000000000000e+07
6.964695000000000000e+06
1.079920000000000000e+05
4.790831300000000000e+07
3.489122400000000000e+07
9.688000000000000000e+03
4.246200000000000000e+04
8.906208000000000000e+06
1.820131000000000000e+06
6.727147000000000000e+06
3.868140000000000000e+06
3.612004500000000000e+07
3.911831700000000000e+07
4.843262000000000000e+07
4.855550200000000000e+07
4.116632300000000000e+07
4.796569200000000000e+07
2.346343000000000000e+07
5.584641600000000000e+07
4.251900000000000000e+04
4.346012100000000000e+07
4.252100000000000000e+04
4.544258800000000000e+07
2.534761300000000000e+07
5.585462100000000000e+07
1.041957000000000000e+06
3.220432700000000000e+07
3.516164000000000000e+07
9.768000000000000000e+03
5.596932100000000000e+07
3.944605800000000000e+07
3.661163100000000000e+07
2.670750900000000000e+07
1.777003800000000000e+07
4.408274700000000000e+07
3.271225100000000000e+07
2.538041200000000000e+07
5.576453900000000000e+07
2.932895500000000000e+07
1.971155300000000000e+07
3.618566700000000000e+07
1.605000000000000000e+03
9.436920000000000000e+05
5.523025000000000000e+06
7.534700000000000000e+04
4.800673900000000000e+07
4.127291600000000000e+07
4.436130300000000000e+07
3.317103500000000000e+07
2.292284300000000000e+07
2.130082900000000000e+07
2.774793400000000000e+07
1.609891000000000000e+07
9.355170000000000000e+05
2.085027400000000000e+07
1.176534600000000000e+07
3.440600000000000000e+04
4.053565700000000000e+07
3.663465000000000000e+06
3.749642800000000000e+07
3.900375800000000000e+07
2.900951900000000000e+07
3.621029000000000000e+07
4.155966700000000000e+07
3.016459500000000000e+07
4.801497000000000000e+07
5.582194700000000000e+07
9.178100000000000000e+04
4.179725600000000000e+07
3.666906500000000000e+07
3.468660200000000000e+07
1.673000000000000000e+03
4.751527600000000000e+07
2.361921200000000000e+07
1.806200000000000000e+04
9.871000000000000000e+03
1.163670000000000000e+05
1.678000000000000000e+03
4.264200000000000000e+04
1.540264300000000000e+07
1.687000000000000000e+03
1.688000000000000000e+03
3.783234400000000000e+07
2.105513000000000000e+07
1.689000000000000000e+03
1.549276000000000000e+07
6.160910000000000000e+05
1.040553300000000000e+07
1.694000000000000000e+03
1.702000000000000000e+03
4.219869500000000000e+07
3.725891900000000000e+07
1.011882500000000000e+07
2.654378200000000000e+07
1.709000000000000000e+03
2.150571100000000000e+07
3.449003200000000000e+07
3.210616100000000000e+07
1.713000000000000000e+03
1.711000000000000000e+03
3.448500000000000000e+04
3.394117900000000000e+07
3.702137500000000000e+07
4.628652800000000000e+07
3.621780000000000000e+05
9.569997000000000000e+06
4.635208100000000000e+07
3.471125300000000000e+07
3.452700000000000000e+04
1.814400000000000000e+04
4.452528000000000000e+07
1.814700000000000000e+04
1.814800000000000000e+04
1.799959000000000000e+07
4.445975100000000000e+07
1.844968000000000000e+06
2.377495500000000000e+07
1.418212300000000000e+07
4.101092600000000000e+07
3.335959800000000000e+07
4.062591300000000000e+07
3.482598100000000000e+07
4.687641500000000000e+07
2.861645200000000000e+07
1.306803800000000000e+07
3.456600000000000000e+04
4.858036200000000000e+07
1.501774000000000000e+07
1.274037500000000000e+07
3.139352000000000000e+06
3.965929100000000000e+07
3.609578000000000000e+07
6.736900000000000000e+04
3.185233100000000000e+07
4.127313300000000000e+07
4.214968300000000000e+07
3.072184400000000000e+07
1.004100000000000000e+04
3.024671600000000000e+07
1.004400000000000000e+04
1.004500000000000000e+04
1.004700000000000000e+04
1.698387300000000000e+07
1.336301100000000000e+07
1.005400000000000000e+04
2.926368900000000000e+07
1.005800000000000000e+04
4.756461900000000000e+07
2.302958200000000000e+07
1.827003000000000000e+07
4.228078400000000000e+07
1.599316000000000000e+06
2.656853300000000000e+07
4.308360700000000000e+07
3.464800000000000000e+04
2.901794700000000000e+07
3.938082800000000000e+07
1.700847800000000000e+07
3.603030300000000000e+07
4.064240000000000000e+07
1.559945700000000000e+07
3.236028800000000000e+07
8.390494000000000000e+06
1.503421300000000000e+07
1.698391400000000000e+07
3.030410700000000000e+07
1.364158300000000000e+07
8.644465000000000000e+06
2.502028200000000000e+07
1.651698900000000000e+07
8.898435000000000000e+06
2.252992600000000000e+07
2.913269200000000000e+07
6.747900000000000000e+04
5.357762600000000000e+07
1.548482800000000000e+07
4.795792000000000000e+07
2.803498000000000000e+07
9.922472000000000000e+06
3.934123000000000000e+06
2.996830200000000000e+07
3.735748600000000000e+07
2.610167900000000000e+07
2.790392100000000000e+07
4.808082300000000000e+07
1.564869500000000000e+07
3.528491900000000000e+07
5.373330400000000000e+07
1.374816900000000000e+07
4.468116200000000000e+07
1.360071700000000000e+07
1.342049400000000000e+07
1.609927800000000000e+07
2.693729600000000000e+07
8.062927000000000000e+06
4.658991300000000000e+07
3.075477900000000000e+07
4.297600000000000000e+04
3.562902400000000000e+07
5.577315300000000000e+07
4.780234300000000000e+07
1.641060000000000000e+07
1.206884500000000000e+07
1.937611100000000000e+07
1.842000000000000000e+04
5.335030000000000000e+06
4.446822500000000000e+07
4.408320400000000000e+07
1.922048400000000000e+07
2.023629800000000000e+07
1.572251200000000000e+07
8.398867000000000000e+06
2.263657000000000000e+07
3.525225000000000000e+07
1.373187200000000000e+07
3.979062500000000000e+07
3.315510700000000000e+07
1.615670700000000000e+07
3.403165200000000000e+07
2.513514500000000000e+07
4.817924200000000000e+07
3.209834800000000000e+07
2.810065300000000000e+07
3.546526400000000000e+07
3.476894400000000000e+07
1.962194600000000000e+07
4.629509800000000000e+07
1.086050000000000000e+05
4.239572200000000000e+07
9.223600000000000000e+04
4.816289200000000000e+07
1.296463000000000000e+06
2.384904100000000000e+07
1.759036100000000000e+07
2.107196200000000000e+07
6.083470000000000000e+05
4.894114800000000000e+07
4.430447700000000000e+07
4.883465400000000000e+07
2.486486600000000000e+07
3.842263000000000000e+07
4.736010300000000000e+07
4.260055200000000000e+07
3.018967700000000000e+07
7.858287000000000000e+06
5.152164900000000000e+07
1.700056500000000000e+07
4.297740100000000000e+07
3.494924400000000000e+07
4.392768000000000000e+07
3.012416000000000000e+07
2.826457800000000000e+07
2.342310700000000000e+07
2.872333000000000000e+07
4.156839600000000000e+07
3.389249800000000000e+07
4.812200400000000000e+07
4.799093300000000000e+07
7.592400000000000000e+04
2.203049100000000000e+07
3.790659200000000000e+07
5.488860900000000000e+07
4.809744900000000000e+07
2.999313800000000000e+07
2.227000000000000000e+03
4.999800400000000000e+07
1.970398900000000000e+07
4.745848900000000000e+07
2.233000000000000000e+03
6.002500000000000000e+05
3.591596800000000000e+07
4.729465700000000000e+07
4.836780900000000000e+07
2.244000000000000000e+03
4.013485400000000000e+07
4.174867900000000000e+07
2.168647100000000000e+07
2.138336900000000000e+07
5.180845700000000000e+07
1.863200000000000000e+04
8.521927000000000000e+06
5.347144700000000000e+07
8.349911000000000000e+06
4.550063300000000000e+07
4.278089000000000000e+07
4.799920000000000000e+07
3.186915400000000000e+07
1.837693400000000000e+07
1.578007000000000000e+07
1.866300000000000000e+04
3.405642700000000000e+07
4.508286100000000000e+07
3.390078200000000000e+07
5.596184000000000000e+07
2.071166500000000000e+07
5.043224900000000000e+07
4.498456900000000000e+07
3.594879600000000000e+07
5.343871800000000000e+07
4.408345500000000000e+07
7.603200000000000000e+04
1.330611200000000000e+07
1.826227100000000000e+07
2.547942900000000000e+07
5.024012000000000000e+06
3.378612800000000000e+07
3.795586700000000000e+07
2.123599600000000000e+07
1.732841100000000000e+07
1.950748800000000000e+07
4.788457700000000000e+07
4.134736300000000000e+07
4.329900000000000000e+04
3.706294900000000000e+07
2.384925400000000000e+07
3.680080800000000000e+07
4.727018500000000000e+07
4.776170800000000000e+07
4.648376000000000000e+07
4.954757500000000000e+07
1.542789500000000000e+07
2.408684100000000000e+07
1.826232900000000000e+07
5.261138900000000000e+07
1.938463900000000000e+07
4.162592100000000000e+07
1.742675600000000000e+07
3.606856000000000000e+06
2.352980200000000000e+07
1.824596400000000000e+07
4.403438200000000000e+07
2.652808000000000000e+07
5.278344100000000000e+07
5.225096400000000000e+07
3.846382800000000000e+07
3.268847000000000000e+07
1.877600000000000000e+04
3.458082600000000000e+07
2.697000000000000000e+04
3.813615700000000000e+07
4.796656000000000000e+07
4.553353600000000000e+07
1.065200500000000000e+07
6.072683000000000000e+06
4.404260600000000000e+07
2.013016300000000000e+07
2.589733300000000000e+07
8.718715000000000000e+06
1.210201100000000000e+07
5.580633900000000000e+07
4.300224700000000000e+07
2.263693700000000000e+07
2.257140300000000000e+07
2.644622000000000000e+07
3.521300000000000000e+04
3.938139000000000000e+07
3.906190500000000000e+07
4.781915800000000000e+07
2.535669800000000000e+07
3.494953100000000000e+07
4.910530700000000000e+07
1.704182100000000000e+07
4.747510200000000000e+07
4.568105800000000000e+07
3.446621100000000000e+07
1.885200000000000000e+04
2.493072700000000000e+07
3.524000000000000000e+04
4.788471300000000000e+07
1.613252400000000000e+07
3.975825300000000000e+07
1.701726100000000000e+07
2.171947000000000000e+07
2.647902400000000000e+07
2.536491200000000000e+07
9.259800000000000000e+04
2.537311100000000000e+07
4.505029400000000000e+07
6.973880000000000000e+06
1.575570200000000000e+07
2.368556300000000000e+07
5.048763000000000000e+06
4.213395900000000000e+07
3.466285900000000000e+07
3.540014100000000000e+07
1.870484700000000000e+07
4.251899300000000000e+07
9.103828000000000000e+06
3.376174800000000000e+07
9.316826000000000000e+06
6.805900000000000000e+04
7.629282000000000000e+06
1.474813100000000000e+07
9.087462000000000000e+06
3.546571800000000000e+07
3.475301600000000000e+07
4.341196900000000000e+07
4.178176200000000000e+07
7.473666000000000000e+06
1.086515800000000000e+07
1.149452000000000000e+06
4.086427300000000000e+07
3.119771700000000000e+07
1.077800000000000000e+04
2.583196500000000000e+07
4.260918600000000000e+07
4.754077900000000000e+07
1.898700000000000000e+04
4.804049900000000000e+07
4.270645000000000000e+06
4.777836000000000000e+07
3.475308300000000000e+07
4.358406000000000000e+07
5.551981200000000000e+07
4.847469700000000000e+07
2.628257600000000000e+07
5.550344400000000000e+07
1.992530000000000000e+05
2.979695000000000000e+07
2.447215200000000000e+07
1.744341800000000000e+07
3.846410000000000000e+07
4.672983100000000000e+07
5.427466400000000000e+07
1.651773500000000000e+07
1.922929500000000000e+07
1.154520000000000000e+07
3.996325500000000000e+07
4.584511700000000000e+07
3.784972600000000000e+07
3.897203900000000000e+07
4.215053600000000000e+07
3.032128900000000000e+07
3.718619100000000000e+07
4.647592000000000000e+07
9.472659000000000000e+06
2.528322000000000000e+07
4.367000000000000000e+04
3.547800000000000000e+04
1.600154000000000000e+06
2.498012300000000000e+07
1.189750900000000000e+07
1.829550000000000000e+06
1.911800000000000000e+04
3.995512500000000000e+07
2.840440600000000000e+07
2.028613400000000000e+07
3.065720800000000000e+07
3.253317600000000000e+07
2.231775500000000000e+07
4.509151800000000000e+07
3.852972700000000000e+07
2.621715100000000000e+07
1.829571000000000000e+06
4.865505100000000000e+07
1.120942100000000000e+07
2.501294300000000000e+07
3.624418900000000000e+07
3.194339000000000000e+07
1.337213200000000000e+07
9.628388000000000000e+06
4.577968800000000000e+07
2.483274600000000000e+07
4.805707200000000000e+07
1.059568000000000000e+06
3.968485300000000000e+07
2.970699800000000000e+07
2.267826900000000000e+07
3.422898900000000000e+07
1.175110000000000000e+05
3.123891900000000000e+07
4.430516100000000000e+07
4.890906700000000000e+07
4.782772400000000000e+07
2.789658900000000000e+07
1.872154800000000000e+07
4.283879900000000000e+07
3.875099000000000000e+07
4.025012900000000000e+07
4.789326800000000000e+07
1.658344400000000000e+07
2.674152600000000000e+07
3.141916000000000000e+07
2.415286200000000000e+07
2.685622300000000000e+07
2.753616000000000000e+07
5.597878400000000000e+07
1.691933400000000000e+07
2.173734000000000000e+06
7.473960000000000000e+06
3.412254000000000000e+07
3.986513600000000000e+07
1.632952600000000000e+07
3.563900000000000000e+04
1.278239500000000000e+07
4.827833100000000000e+07
4.915487600000000000e+07
3.047712400000000000e+07
3.891489000000000000e+07
3.654740800000000000e+07
4.784418000000000000e+07
5.077691600000000000e+07
2.812759000000000000e+06
3.521212100000000000e+07
5.038370600000000000e+07
1.835298600000000000e+07
1.928900000000000000e+04
2.238344900000000000e+07
4.020105300000000000e+07
1.667470000000000000e+05
3.071472800000000000e+07
5.413566100000000000e+07
3.723557200000000000e+07
4.248664600000000000e+07
3.422911800000000000e+07
5.570035700000000000e+07
2.321907800000000000e+07
7.648080000000000000e+05
2.804617000000000000e+06
4.167565900000000000e+07
1.002177700000000000e+07
1.290536300000000000e+07
1.935400000000000000e+04
2.238351500000000000e+07
4.108585200000000000e+07
2.094992100000000000e+07
1.496976600000000000e+07
1.311837700000000000e+07
2.371063900000000000e+07
5.006430400000000000e+07
4.812280700000000000e+07
4.541126000000000000e+07
3.885766200000000000e+07
5.062956800000000000e+07
4.480506500000000000e+07
5.597076500000000000e+07
2.329550000000000000e+06
1.531387100000000000e+07
2.631572500000000000e+07
8.932305000000000000e+06
2.787221000000000000e+07
1.314299300000000000e+07
4.813103300000000000e+07
1.399497900000000000e+07
1.372464400000000000e+07
1.588733500000000000e+07
4.543588100000000000e+07
3.991447800000000000e+07
3.563007400000000000e+07
3.005951600000000000e+07
6.860500000000000000e+04
1.027583800000000000e+07
3.065753900000000000e+07
3.533834000000000000e+06
4.469044300000000000e+07
2.566862000000000000e+07
2.800334100000000000e+07
5.578241200000000000e+07
1.946900000000000000e+04
2.157262300000000000e+07
3.018241900000000000e+07
4.427266000000000000e+07
4.882741400000000000e+07
2.450536600000000000e+07
1.948000000000000000e+04
1.654274900000000000e+07
3.877584400000000000e+07
4.605034100000000000e+07
2.004893600000000000e+07
3.094429700000000000e+07
4.800004100000000000e+07
4.870455500000000000e+07
2.040938800000000000e+07
3.841540800000000000e+07
3.800580900000000000e+07
4.652549300000000000e+07
1.189790900000000000e+07
4.455122500000000000e+07
4.017669900000000000e+07
5.148985200000000000e+07
5.228500000000000000e+04
2.926495800000000000e+07
4.584556700000000000e+07
4.340435200000000000e+07
2.142521800000000000e+07
1.723458000000000000e+06
4.410100000000000000e+04
2.862599100000000000e+07
3.742419900000000000e+07
8.834121000000000000e+06
6.974538000000000000e+06
1.724731000000000000e+07
7.679055000000000000e+06
4.870459200000000000e+07
3.409825700000000000e+07
1.298747400000000000e+07
2.257211700000000000e+07
5.590536700000000000e+07
4.332246000000000000e+07
4.790998600000000000e+07
5.325936300000000000e+07
2.342410200000000000e+07
2.555402500000000000e+07
2.652887600000000000e+07
1.956600000000000000e+04
5.588900800000000000e+07
1.704254500000000000e+07
3.697368200000000000e+07
5.347237100000000000e+07
4.791000500000000000e+07
9.330400000000000000e+04
2.606194900000000000e+07
2.393203000000000000e+07
3.964429200000000000e+07
1.548609800000000000e+07
2.705320600000000000e+07
3.336105200000000000e+07
4.763151700000000000e+07
3.961974700000000000e+07
4.673040800000000000e+07
5.770411000000000000e+06
2.598007600000000000e+07
7.130284000000000000e+06
2.515269000000000000e+07
2.085189600000000000e+07
1.629715600000000000e+07
7.285956000000000000e+06
2.160557400000000000e+07
1.820589400000000000e+07
1.970503200000000000e+07
5.336263000000000000e+06
2.548039500000000000e+07
4.390420800000000000e+07
3.166536100000000000e+07
1.218478800000000000e+07
3.476194200000000000e+07
4.130735200000000000e+07
3.606000000000000000e+04
5.647584000000000000e+06
4.427286800000000000e+07
4.786096400000000000e+07
1.294666700000000000e+07
3.736702000000000000e+07
1.969300000000000000e+04
1.315147400000000000e+07
5.577445700000000000e+07
1.970600000000000000e+04
1.817317900000000000e+07
3.691647600000000000e+07
1.729663300000000000e+07
9.022728000000000000e+06
8.203529000000000000e+06
1.972300000000000000e+04
5.597927700000000000e+07
4.813953300000000000e+07
5.347252700000000000e+07
3.320551700000000000e+07
7.982349000000000000e+06
3.306625800000000000e+07
3.071515700000000000e+07
3.449986300000000000e+07
2.989596000000000000e+07
1.188175600000000000e+07
1.801756500000000000e+07
4.108624400000000000e+07
3.904643900000000000e+07
4.793476000000000000e+07
4.294583200000000000e+07
2.071274300000000000e+07
1.637918700000000000e+07
9.899323000000000000e+06
2.438278000000000000e+07
3.228806400000000000e+07
7.736643000000000000e+06
4.356026000000000000e+07
3.616800000000000000e+04
2.825760900000000000e+07
9.866568000000000000e+06
2.770874600000000000e+07
3.878433100000000000e+07
4.810683200000000000e+07
1.732129900000000000e+07
4.112725400000000000e+07
4.824610800000000000e+07
6.196580000000000000e+06
4.262640500000000000e+07
3.903012600000000000e+07
1.916452700000000000e+07
4.228235100000000000e+07
1.947582500000000000e+07
4.913086400000000000e+07
1.805860600000000000e+07
3.454911200000000000e+07
2.740569100000000000e+07
1.503577100000000000e+07
3.967730800000000000e+07
4.584588600000000000e+07
4.957324400000000000e+07
2.141734100000000000e+07
2.125185000000000000e+06
4.817243200000000000e+07
3.470478700000000000e+07
3.250114200000000000e+07
2.723226000000000000e+06
4.510044300000000000e+07
4.165162200000000000e+07
1.606800700000000000e+07
3.429521100000000000e+07
2.077022000000000000e+07
4.532164700000000000e+07
2.448120000000000000e+07
3.070712200000000000e+07
4.116011800000000000e+07
3.821919100000000000e+07
2.449759200000000000e+07
3.188678400000000000e+07
1.021894500000000000e+07
3.771130100000000000e+07
1.438048500000000000e+07
5.102330300000000000e+07
3.629700000000000000e+04
3.226362800000000000e+07
4.064404900000000000e+07
4.700923500000000000e+07
9.046600000000000000e+05
3.630900000000000000e+04
1.926294000000000000e+07
4.747618900000000000e+07
4.478102200000000000e+07
5.567638600000000000e+07
4.383894800000000000e+07
4.437143300000000000e+07
1.282404200000000000e+07
2.792189900000000000e+07
1.104638100000000000e+07
5.338263800000000000e+07
3.009278700000000000e+07
2.992076400000000000e+07
1.249638200000000000e+07
3.635100000000000000e+04
8.550900000000000000e+04
4.616551000000000000e+07
5.570919400000000000e+07
9.285130000000000000e+06
2.340814000000000000e+07
6.475276000000000000e+06
5.091687400000000000e+07
3.303374500000000000e+07
7.867924000000000000e+06
4.703387600000000000e+07
4.065231400000000000e+07
3.318122700000000000e+07
4.024273200000000000e+07
8.441388000000000000e+06
3.155102300000000000e+07
4.252011300000000000e+07
3.205073700000000000e+07
4.044753700000000000e+07
7.294521000000000000e+06
4.442066700000000000e+07
2.901151500000000000e+07
4.052127700000000000e+07
4.093907000000000000e+07
2.131923400000000000e+07
1.639585100000000000e+07
5.580757100000000000e+07
4.213512500000000000e+07
2.565282300000000000e+07
5.459516400000000000e+07
4.066876500000000000e+07
3.977584200000000000e+07
1.896816400000000000e+07
1.292246900000000000e+07
4.889354700000000000e+07
3.330417800000000000e+07
3.940722200000000000e+07
5.598783500000000000e+07
4.712409200000000000e+07
2.009400000000000000e+04
2.410457400000000000e+07
7.548549000000000000e+06
1.918119100000000000e+07
3.566349600000000000e+07
8.294027000000000000e+06
3.667931000000000000e+07
2.593140700000000000e+07
4.335579100000000000e+07
2.980622500000000000e+07
5.596328200000000000e+07
2.537435500000000000e+07
3.983323600000000000e+07
8.557030000000000000e+05
2.150040000000000000e+06
4.781225000000000000e+07
1.912386600000000000e+07
4.765661600000000000e+07
4.191402900000000000e+07
9.096879000000000000e+06
2.015500000000000000e+04
4.152083400000000000e+07
2.016300000000000000e+04
1.883719300000000000e+07
4.474800000000000000e+04
1.021921400000000000e+07
3.546695900000000000e+07
5.489019400000000000e+07
4.111944200000000000e+07
4.859874200000000000e+07
2.920150000000000000e+06
1.456098400000000000e+07
4.188950100000000000e+07
4.131606700000000000e+07
2.693091700000000000e+07
2.476003900000000000e+07
3.730199600000000000e+07
2.351486200000000000e+07
2.572670300000000000e+07
4.871345700000000000e+07
1.805899900000000000e+07
4.814821800000000000e+07
4.750924400000000000e+07
5.123839000000000000e+06
4.849228700000000000e+07
3.181337500000000000e+07
1.203500000000000000e+04
5.577498000000000000e+07
2.049205300000000000e+07
2.058216500000000000e+07
3.663100000000000000e+04
3.662900000000000000e+04
4.527285300000000000e+07
3.528681000000000000e+07
4.376552800000000000e+07
3.724469900000000000e+07
4.892648500000000000e+07
2.962614900000000000e+07
4.807453600000000000e+07
1.477406200000000000e+07
5.582639000000000000e+06
6.606639000000000000e+06
3.832606200000000000e+07
2.863493000000000000e+07
2.068050300000000000e+07
4.800901700000000000e+07
4.706693900000000000e+07
4.404409200000000000e+07
3.560633800000000000e+07
2.122118800000000000e+07
2.445702900000000000e+07
2.029800000000000000e+04
2.660334100000000000e+07
1.977121600000000000e+07
2.592341300000000000e+07
4.851695000000000000e+07
2.031200000000000000e+04
3.048636200000000000e+07
4.357717900000000000e+07
8.585300000000000000e+04
5.584879800000000000e+07
5.328733000000000000e+06
6.128000000000000000e+04
4.904124600000000000e+07
2.695562100000000000e+07
2.032600000000000000e+04
2.874148000000000000e+07
1.200522500000000000e+07
6.129200000000000000e+04
3.912894100000000000e+07
4.748478500000000000e+07
1.495435500000000000e+07
4.238936500000000000e+07
1.660914200000000000e+07
4.616588100000000000e+07
2.384268800000000000e+07
3.728576600000000000e+07
4.153741500000000000e+07
2.743079100000000000e+07
4.733735400000000000e+07
2.855500000000000000e+04
4.852519400000000000e+07
2.354779200000000000e+07
2.439976000000000000e+07
3.911571000000000000e+06
4.782888600000000000e+07
6.133700000000000000e+04
2.471106900000000000e+07
3.434486300000000000e+07
3.953859100000000000e+07
6.134600000000000000e+04
4.061993900000000000e+07
8.720293000000000000e+06
4.779613400000000000e+07
4.023491800000000000e+07
3.717111300000000000e+07
4.808285900000000000e+07
1.863262000000000000e+07
6.135800000000000000e+04
4.222558500000000000e+07
5.140402000000000000e+06
1.826398500000000000e+07
4.738654900000000000e+07
2.040900000000000000e+04
1.519199500000000000e+07
2.582522000000000000e+07
1.991879600000000000e+07
2.706223000000000000e+07
3.428311000000000000e+06
7.450584000000000000e+06
4.246319300000000000e+07
2.545660200000000000e+07
1.842786800000000000e+07
1.631433400000000000e+07
5.586531100000000000e+07
5.592265700000000000e+07
3.622909500000000000e+07
4.247959500000000000e+07
9.408494000000000000e+06
5.548849600000000000e+07
6.918132000000000000e+06
4.409342900000000000e+07
4.294655000000000000e+07
1.293106100000000000e+07
1.319320800000000000e+07
5.278514400000000000e+07
4.802559400000000000e+07
4.043980200000000000e+07
5.068799600000000000e+07
9.129981000000000000e+06
1.304575800000000000e+07
4.125900500000000000e+07
2.488319600000000000e+07
6.934529000000000000e+06
1.162035400000000000e+07
2.048400000000000000e+04
4.035789700000000000e+07
2.340865000000000000e+07
4.544513100000000000e+07
2.394113300000000000e+07
2.577614400000000000e+07
9.596945000000000000e+06
3.922740900000000000e+07
6.145900000000000000e+04
6.146000000000000000e+04
4.031695100000000000e+07
4.197993400000000000e+07
4.582198600000000000e+07
2.052200000000000000e+04
8.630316000000000000e+06
1.712542000000000000e+07
3.401732800000000000e+07
1.769067300000000000e+07
3.382891700000000000e+07
2.440812400000000000e+07
2.411321300000000000e+07
1.931270600000000000e+07
4.065286600000000000e+07
3.429587700000000000e+07
2.748832700000000000e+07
3.655687200000000000e+07
2.217992200000000000e+07
2.403131700000000000e+07
1.906696600000000000e+07
2.420334900000000000e+07
4.161954400000000000e+07
4.486357600000000000e+07
5.578351600000000000e+07
3.040470200000000000e+07
6.153600000000000000e+04
1.729750500000000000e+07
2.138531800000000000e+07
1.188259800000000000e+07
1.964042700000000000e+07
4.516500000000000000e+04
4.552715000000000000e+07
4.501105600000000000e+07
2.186865800000000000e+07
4.419185900000000000e+07
1.543794300000000000e+07
3.118297000000000000e+07
5.350617400000000000e+07
4.849267300000000000e+07
2.227827500000000000e+07
4.410176400000000000e+07
4.759155800000000000e+07
2.164749500000000000e+07
3.797415500000000000e+07
2.651355300000000000e+07
1.347189500000000000e+07
4.660034400000000000e+07
4.768169300000000000e+07
9.436500000000000000e+04
4.111990400000000000e+07
4.315971600000000000e+07
5.244944500000000000e+07
2.249949400000000000e+07
5.117149700000000000e+07
4.781277700000000000e+07
1.113720000000000000e+07
4.286481600000000000e+07
3.722053200000000000e+07
3.991570200000000000e+07
3.441887100000000000e+07
2.843052000000000000e+07
3.575992000000000000e+06
3.522169000000000000e+07
4.243884600000000000e+07
3.168275100000000000e+07
3.033107300000000000e+07
6.164100000000000000e+04
3.976826600000000000e+07
2.686586700000000000e+07
3.977645700000000000e+07
5.601300400000000000e+07
4.952494700000000000e+07
5.593109200000000000e+07
6.525140000000000000e+06
2.770146200000000000e+07
4.526800000000000000e+04
1.151407100000000000e+07
3.729490000000000000e+05
4.624815500000000000e+07
4.649391600000000000e+07
3.634403700000000000e+07
2.807011800000000000e+07
5.580822900000000000e+07
2.071300000000000000e+04
2.826673000000000000e+07
9.064686000000000000e+06
1.767447900000000000e+07
6.168000000000000000e+04
4.782104100000000000e+07
5.837040000000000000e+06
2.681675300000000000e+07
3.669630500000000000e+07
5.095039000000000000e+07
5.014757600000000000e+07
3.711700000000000000e+04
3.928318000000000000e+06
2.716083100000000000e+07
1.381606400000000000e+07
3.072434900000000000e+07
2.126259400000000000e+07
1.720756000000000000e+07
3.466471400000000000e+07
8.515859000000000000e+06
3.093737300000000000e+07
6.410527000000000000e+06
1.699459500000000000e+07
3.748278900000000000e+07
2.562897400000000000e+07
4.767364600000000000e+07
3.434526600000000000e+07
3.471391400000000000e+07
1.815788400000000000e+07
4.755078800000000000e+07
4.771462800000000000e+07
4.774739600000000000e+07
1.642830000000000000e+06
2.761147500000000000e+07
2.593110000000000000e+06
5.004117600000000000e+07
3.947349700000000000e+07
4.312713500000000000e+07
1.716668700000000000e+07
2.961852900000000000e+07
4.803414800000000000e+07
5.468605300000000000e+07
5.026237400000000000e+07
2.016496400000000000e+07
2.083800000000000000e+04
5.466148300000000000e+07
4.588785500000000000e+07
1.900990300000000000e+07
4.777201800000000000e+07
4.749349100000000000e+07
4.450341600000000000e+07
4.741976900000000000e+07
4.875506700000000000e+07
1.544639500000000000e+07
6.182000000000000000e+04
2.657114000000000000e+07
2.103334900000000000e+07
9.761160000000000000e+06
4.785396100000000000e+07
2.075483000000000000e+07
3.092929600000000000e+07
3.273973000000000000e+07
3.042958700000000000e+07
3.147816900000000000e+07
2.784092200000000000e+07
4.678902500000000000e+07
1.987012300000000000e+07
2.207377600000000000e+07
4.784581600000000000e+07
4.107922900000000000e+07
6.222272000000000000e+06
3.996512100000000000e+07
5.009043400000000000e+07
3.627053200000000000e+07
3.715526000000000000e+06
4.759187900000000000e+07
4.218516000000000000e+07
2.770170500000000000e+07
1.599533900000000000e+07
3.745018800000000000e+07
4.035022000000000000e+06
2.870932700000000000e+07
3.512366400000000000e+07
4.085806600000000000e+07
2.400712300000000000e+07
2.788194100000000000e+07
4.838651900000000000e+07
6.192300000000000000e+04
4.345494900000000000e+07
4.796874200000000000e+07
4.144791100000000000e+07
5.569380000000000000e+07
4.103831600000000000e+07
5.573476400000000000e+07
4.464279800000000000e+07
5.395710400000000000e+07
3.454206500000000000e+07
4.886987700000000000e+07
2.322073000000000000e+07
3.737100000000000000e+04
3.408332500000000000e+07
1.017906900000000000e+07
2.464614100000000000e+07
2.342553700000000000e+07
1.520896500000000000e+07
4.324198900000000000e+07
3.376385400000000000e+07
4.695297700000000000e+07
5.624344000000000000e+06
3.405877700000000000e+07
5.149135400000000000e+07
3.995702000000000000e+07
7.287329000000000000e+06
4.538832800000000000e+07
3.741700000000000000e+04
6.199400000000000000e+04
1.619204000000000000e+07
1.564318200000000000e+07
4.567505600000000000e+07
3.629521900000000000e+07
3.912146000000000000e+07
2.671058300000000000e+07
5.253995900000000000e+07
2.753797600000000000e+07
4.030111400000000000e+07
1.721606000000000000e+07
1.617568200000000000e+07
1.769120400000000000e+07
6.202200000000000000e+04
3.745000000000000000e+04
5.384250900000000000e+07
5.593147200000000000e+07
8.122961000000000000e+06
3.745900000000000000e+04
3.330517300000000000e+07
3.746100000000000000e+04
3.746300000000000000e+04
4.119406900000000000e+07
1.704405700000000000e+07
3.841698500000000000e+07
1.111970000000000000e+05
6.204700000000000000e+04
3.747100000000000000e+04
7.836260000000000000e+06
3.747900000000000000e+04
7.443052000000000000e+06
4.769034900000000000e+07
2.970890900000000000e+07
2.653860700000000000e+07
3.942462100000000000e+07
9.630321000000000000e+06
3.749300000000000000e+04
2.111900000000000000e+04
3.192076800000000000e+07
3.866278400000000000e+07
2.215590700000000000e+07
2.323725200000000000e+07
4.179213500000000000e+07
8.532632000000000000e+06
1.528474000000000000e+06
1.654441200000000000e+07
2.144324000000000000e+07
2.956970600000000000e+07
3.597586700000000000e+07
4.606023000000000000e+07
4.868167500000000000e+07
2.630932400000000000e+07
4.302919600000000000e+07
2.754632200000000000e+07
1.547131700000000000e+07
8.745687000000000000e+06
1.703599400000000000e+07
2.875875700000000000e+07
6.681319000000000000e+06
3.831882600000000000e+07
4.760856400000000000e+07
3.181438900000000000e+07
3.762300000000000000e+04
2.052581700000000000e+07
2.416306700000000000e+07
2.358963800000000000e+07
4.056346600000000000e+07
4.325864600000000000e+07
3.765500000000000000e+04
1.359542000000000000e+07
5.237634900000000000e+07
4.301289400000000000e+07
3.242063900000000000e+07
6.224000000000000000e+04
3.420957000000000000e+06
4.253776600000000000e+07
7.044300000000000000e+04
1.855160000000000000e+07
2.129800000000000000e+04
2.144338500000000000e+07
2.904556500000000000e+07
4.356998400000000000e+07
1.911686800000000000e+07
5.408032700000000000e+07
5.584980100000000000e+07
1.066273200000000000e+07
4.966484500000000000e+07
4.002286400000000000e+07
1.175227500000000000e+07
5.588258700000000000e+07
1.946095500000000000e+07
9.483101000000000000e+06
4.299657300000000000e+07
5.419867000000000000e+06
1.478333100000000000e+07
1.153110800000000000e+07
2.758742900000000000e+07
3.423933700000000000e+07
3.559101700000000000e+07
4.105508300000000000e+07
1.064637900000000000e+07
5.297007000000000000e+06
2.457278700000000000e+07
1.938725400000000000e+07
4.114521100000000000e+07
4.553612600000000000e+07
2.083724700000000000e+07
2.533465600000000000e+07
4.883210000000000000e+05
1.218649800000000000e+07
1.217410000000000000e+06
4.656013200000000000e+07
1.245683600000000000e+07
3.655770300000000000e+07
1.315720000000000000e+06
6.234600000000000000e+04
3.847464200000000000e+07
2.920130300000000000e+07
3.778300000000000000e+04
1.091676200000000000e+07
2.711234700000000000e+07
1.921525900000000000e+07
1.274358100000000000e+07
5.598096000000000000e+07
2.627676800000000000e+07
4.681411300000000000e+07
3.551734900000000000e+07
2.141700000000000000e+04
2.440081400000000000e+07
5.124599900000000000e+07
3.503403000000000000e+07
4.306219700000000000e+07
6.075324000000000000e+06
4.592121600000000000e+07
3.609901100000000000e+07
1.978054900000000000e+07
5.597280500000000000e+07
2.775955800000000000e+07
1.930541700000000000e+07
2.515450600000000000e+07
6.280137000000000000e+06
8.213456000000000000e+06
2.529378100000000000e+07
4.813308000000000000e+07
1.972322400000000000e+07
3.088892300000000000e+07
5.163107000000000000e+07
4.760060900000000000e+07
3.268297800000000000e+07
4.465968300000000000e+07
1.029424100000000000e+07
5.602199000000000000e+07
3.857303200000000000e+07
2.993047800000000000e+07
5.338094000000000000e+06
2.653080000000000000e+07
3.335473900000000000e+07
3.787900000000000000e+04
1.171148100000000000e+07
7.730174000000000000e+06
5.484236700000000000e+07
1.823745000000000000e+06
2.150700000000000000e+04
4.857549200000000000e+07
3.945779700000000000e+07
2.901299900000000000e+07
2.032948100000000000e+07
4.234138500000000000e+07
3.144602700000000000e+07
2.596558000000000000e+07
2.151700000000000000e+04
2.520372100000000000e+07
1.221121500000000000e+07
2.735002600000000000e+07
2.950453100000000000e+07
2.590005200000000000e+07
4.277557700000000000e+07
4.090780100000000000e+07
1.639733700000000000e+07
3.854850900000000000e+07
4.243971300000000000e+07
9.122850000000000000e+06
2.100125100000000000e+07
5.448195600000000000e+07
6.607907000000000000e+06
2.685034100000000000e+07
8.229926000000000000e+06
3.792900000000000000e+04
1.307960200000000000e+07
2.826757400000000000e+07
5.602207900000000000e+07
2.716166800000000000e+07
5.597293200000000000e+07
4.440582800000000000e+07
4.604423500000000000e+07
4.397985800000000000e+07
1.026977900000000000e+07
1.782280700000000000e+07
1.497199200000000000e+07
2.171401300000000000e+07
2.132079900000000000e+07
5.598115200000000000e+07
4.428298800000000000e+07
3.571416400000000000e+07
1.803583000000000000e+07
4.164517900000000000e+07
3.890086000000000000e+07
3.054502100000000000e+07
4.291494300000000000e+07
4.524147200000000000e+07
1.588953700000000000e+07
4.206298200000000000e+07
7.079100000000000000e+04
4.943579600000000000e+07
2.170588100000000000e+07
4.620815900000000000e+07
1.837174400000000000e+07
4.928835600000000000e+07
3.705770100000000000e+07
2.741572000000000000e+07
2.349994600000000000e+07
1.032721400000000000e+07
5.903540000000000000e+06
5.563717600000000000e+07
2.168900000000000000e+04
4.542994600000000000e+07
3.860601100000000000e+07
3.344504900000000000e+07
1.606982200000000000e+07
3.233094200000000000e+07
2.290195600000000000e+07
5.370388600000000000e+07
3.845857500000000000e+07
1.531617600000000000e+07
2.710446500000000000e+07
3.444449800000000000e+07
2.172100000000000000e+04
1.675797800000000000e+07
4.793673200000000000e+07
3.437898400000000000e+07
4.126026600000000000e+07
3.808178200000000000e+07
2.012492200000000000e+07
4.814975700000000000e+07
3.786879800000000000e+07
3.702502300000000000e+07
4.257101000000000000e+07
4.746983000000000000e+07
4.865767100000000000e+07
2.914432700000000000e+07
2.700621700000000000e+07
3.861428900000000000e+07
2.046082600000000000e+07
4.053122800000000000e+07
1.853570900000000000e+07
2.204188600000000000e+07
5.564547100000000000e+07
4.241538800000000000e+07
4.512694200000000000e+07
4.769104500000000000e+07
4.380804300000000000e+07
4.266117000000000000e+07
1.521797200000000000e+07
4.157983100000000000e+07
2.001030200000000000e+07
1.473466300000000000e+07
2.836615800000000000e+07
4.188296000000000000e+07
3.088930000000000000e+07
6.157652000000000000e+06
3.700872600000000000e+07
3.043874600000000000e+07
2.372955000000000000e+06
8.172890000000000000e+06
4.780578900000000000e+07
5.066479800000000000e+07
2.185500000000000000e+04
1.850301300000000000e+07
1.367300000000000000e+04
3.102039300000000000e+07
1.368100000000000000e+04
1.083531500000000000e+07
3.863078400000000000e+07
1.037699000000000000e+06
2.627726100000000000e+07
5.553908500000000000e+07
1.461185500000000000e+07
2.594140100000000000e+07
3.129077800000000000e+07
7.263645000000000000e+06
7.263653000000000000e+06
4.842845400000000000e+07
2.583491900000000000e+07
2.430377000000000000e+06
5.540804100000000000e+07
1.957623500000000000e+07
1.520170900000000000e+07
4.156356500000000000e+07
7.263664000000000000e+06
2.704734600000000000e+07
4.504517300000000000e+07
7.263669000000000000e+06
4.404575200000000000e+07
2.316434600000000000e+07
4.570873400000000000e+07
5.408915400000000000e+07
1.625030700000000000e+07
3.540320400000000000e+07
4.773216800000000000e+07
2.196000000000000000e+04
2.076410700000000000e+07
4.771578800000000000e+07
1.520993400000000000e+07
1.702037100000000000e+07
3.835700000000000000e+04
5.598152700000000000e+07
1.232636400000000000e+07
3.791817800000000000e+07
5.574397100000000000e+07
4.847766800000000000e+07
4.537290100000000000e+07
4.434071200000000000e+07
8.753100000000000000e+04
2.051018800000000000e+07
5.587505200000000000e+07
8.033777000000000000e+06
4.430795300000000000e+07
4.501246700000000000e+07
2.754712700000000000e+07
8.205819000000000000e+06
1.480857900000000000e+07
3.872922300000000000e+07
3.841000000000000000e+04
4.927233100000000000e+07
4.179303400000000000e+07
3.442023700000000000e+07
3.841300000000000000e+04
4.788788700000000000e+07
1.851137600000000000e+07
3.284737800000000000e+07
1.027841800000000000e+07
4.255490200000000000e+07
3.855895000000000000e+06
3.301941600000000000e+07
4.873987000000000000e+07
5.594883300000000000e+07
2.901353800000000000e+07
5.464630700000000000e+07
5.427767300000000000e+07
3.306859300000000000e+07
2.758814900000000000e+07
3.817221500000000000e+07
2.757177200000000000e+07
2.230431700000000000e+07
4.302188500000000000e+07
5.569491100000000000e+07
4.795347200000000000e+07
2.086252900000000000e+07
4.197331700000000000e+07
4.666733600000000000e+07
9.639499000000000000e+06
3.950753500000000000e+07
2.885793700000000000e+07
1.539848600000000000e+07
1.771682300000000000e+07
3.166780100000000000e+07
5.487400000000000000e+04
3.397794500000000000e+07
3.682057100000000000e+07
4.316118200000000000e+07
5.597347400000000000e+07
1.834761800000000000e+07
2.012528400000000000e+07
5.555568500000000000e+07
4.891197300000000000e+07
4.629053800000000000e+07
9.585100000000000000e+04
3.795108400000000000e+07
7.509615000000000000e+06
4.657726400000000000e+07
2.146059300000000000e+07
3.052913800000000000e+07
2.213300000000000000e+04
3.591128800000000000e+07
3.935194400000000000e+07
5.154984200000000000e+07
3.269185800000000000e+07
5.493400000000000000e+04
2.089539000000000000e+07
1.465308900000000000e+07
2.963626000000000000e+07
1.181866200000000000e+07
3.174979900000000000e+07
6.919848000000000000e+06
4.194884200000000000e+07
5.495400000000000000e+04
4.180958300000000000e+07
3.478904300000000000e+07
3.932741300000000000e+07
2.738347700000000000e+07
3.625541700000000000e+07
8.987450000000000000e+05
5.336031500000000000e+07
4.692140600000000000e+07
6.316600000000000000e+04
4.497990500000000000e+07
2.225858000000000000e+06
1.070786000000000000e+06
3.253626000000000000e+07
2.221300000000000000e+04
3.043091800000000000e+07
4.775700100000000000e+07
2.572052600000000000e+07
2.875976300000000000e+07
2.504411000000000000e+06
4.770786800000000000e+07
1.248227100000000000e+07
1.388310500000000000e+07
2.224200000000000000e+04
2.373347000000000000e+06
4.688048500000000000e+07
5.565412000000000000e+07
1.437463500000000000e+07
4.765054000000000000e+07
2.895639500000000000e+07
1.308030500000000000e+07
1.131083500000000000e+07
1.107326900000000000e+07
5.088639900000000000e+07
3.541171100000000000e+07
4.684900000000000000e+04
4.493900700000000000e+07
5.442534400000000000e+07
9.656071000000000000e+06
3.442048800000000000e+07
5.595726700000000000e+07
4.244047900000000000e+07
5.969702000000000000e+06
3.570666200000000000e+07
4.544695600000000000e+07
4.532407600000000000e+07
2.581892700000000000e+07
3.207761600000000000e+07
2.718699100000000000e+07
2.258309000000000000e+07
5.494578000000000000e+06
5.240628000000000000e+06
2.447156000000000000e+06
1.666846800000000000e+07
2.352517800000000000e+07
4.804383400000000000e+07
4.769158100000000000e+07
4.320236500000000000e+07
2.388562900000000000e+07
2.876806400000000000e+07
1.711904300000000000e+07
4.289927100000000000e+07
4.832237600000000000e+07
6.330600000000000000e+04
1.791367800000000000e+07
1.454677000000000000e+07
5.589998900000000000e+07
4.766703700000000000e+07
2.359894200000000000e+07
1.820860800000000000e+07
3.056000000000000000e+04
1.833968200000000000e+07
4.502921800000000000e+07
1.921622600000000000e+07
1.294115900000000000e+07
2.872714900000000000e+07
2.062526300000000000e+07
5.271332900000000000e+07
1.879025800000000000e+07
5.096024200000000000e+07
3.811519100000000000e+07
1.116351200000000000e+07
5.594098500000000000e+07
4.750322600000000000e+07
8.509303000000000000e+06
5.054245900000000000e+07
3.329011300000000000e+07
5.600653200000000000e+07
6.805381000000000000e+06
3.883610200000000000e+07
6.336900000000000000e+04
2.633511300000000000e+07
2.309108600000000000e+07
8.795300000000000000e+04
3.332289900000000000e+07
1.614427700000000000e+07
2.078095300000000000e+07
3.906549800000000000e+07
2.170665000000000000e+07
5.573622400000000000e+07
3.881900000000000000e+04
4.071210000000000000e+07
2.324675500000000000e+07
4.824874300000000000e+07
3.537911900000000000e+07
3.720594000000000000e+07
2.538488500000000000e+07
4.702815000000000000e+07
8.001461000000000000e+06
2.088748100000000000e+07
3.217605800000000000e+07
2.267067000000000000e+06
2.324677900000000000e+07
2.313209300000000000e+07
2.400044600000000000e+07
4.179347100000000000e+07
3.306080000000000000e+07
3.872966300000000000e+07
4.298131800000000000e+07
3.544468500000000000e+07
1.136599000000000000e+06
4.354658500000000000e+07
2.782614400000000000e+07
2.381206400000000000e+07
1.790563700000000000e+07
5.598206600000000000e+07
4.797029600000000000e+07
1.698815400000000000e+07
4.054015400000000000e+07
5.142522000000000000e+06
4.790269000000000000e+06
3.125043200000000000e+07
1.235148800000000000e+07
5.078016900000000000e+07
2.437735500000000000e+07
2.254000000000000000e+04
2.103502300000000000e+07
4.597966400000000000e+07
1.988814500000000000e+07
2.495899400000000000e+07
3.143701000000000000e+06
4.239157500000000000e+07
4.878133700000000000e+07
5.071465700000000000e+07
3.159453100000000000e+07
2.085482000000000000e+07
3.606737400000000000e+07
4.851921600000000000e+07
5.588382900000000000e+07
3.097195800000000000e+07
4.243256600000000000e+07
1.495660200000000000e+07
4.769183500000000000e+07
1.083603300000000000e+07
3.799251400000000000e+07
3.988486700000000000e+07
4.905171600000000000e+07
3.898300000000000000e+04
3.768941700000000000e+07
2.637626500000000000e+07
5.602312000000000000e+07
2.261000000000000000e+04
2.327969900000000000e+07
3.899700000000000000e+04
3.398664600000000000e+07
5.584290300000000000e+07
5.598216700000000000e+07
5.600674500000000000e+07
7.092315000000000000e+06
5.601494000000000000e+07
4.131030100000000000e+07
3.184854100000000000e+07
1.346570100000000000e+07
2.327152700000000000e+07
9.730154000000000000e+06
1.711114800000000000e+07
4.469361300000000000e+07
3.607563000000000000e+07
3.796798100000000000e+07
4.218686500000000000e+07
3.899198700000000000e+07
2.228850600000000000e+07
4.504588200000000000e+07
4.527526000000000000e+07
5.600678200000000000e+07
4.691366400000000000e+07
4.774105800000000000e+07
1.274483700000000000e+07
2.992346600000000000e+07
8.837258000000000000e+06
3.905600000000000000e+04
3.990952100000000000e+07
9.910421000000000000e+06
3.829570300000000000e+07
2.758876000000000000e+07
3.903298900000000000e+07
2.929270200000000000e+07
4.235894200000000000e+07
5.978274000000000000e+06
2.089590800000000000e+07
3.907900000000000000e+04
4.738884100000000000e+07
4.527530700000000000e+07
1.888068600000000000e+07
2.553259100000000000e+07
5.600684100000000000e+07
5.182892100000000000e+07
4.336659200000000000e+07
5.200096100000000000e+07
4.129402000000000000e+07
1.575955900000000000e+07
3.863982000000000000e+07
4.865044800000000000e+07
3.510907700000000000e+07
4.929749000000000000e+06
2.056828100000000000e+07
4.777391900000000000e+07
4.212963200000000000e+07
3.163567900000000000e+07
1.675901000000000000e+07
1.751267700000000000e+07
2.569648800000000000e+07
7.624940000000000000e+06
2.858827400000000000e+07
2.896510600000000000e+07
5.582669400000000000e+07
3.275022000000000000e+06
2.061748700000000000e+07
2.103572000000000000e+06
4.817538200000000000e+07
3.770600800000000000e+07
4.729884400000000000e+07
2.209206400000000000e+07
2.668832000000000000e+06
5.480272100000000000e+07
3.446198900000000000e+07
2.827703100000000000e+07
2.226410500000000000e+07
1.672631400000000000e+07
8.214827000000000000e+06
4.850308700000000000e+07
5.202565000000000000e+07
5.570386300000000000e+07
1.872517500000000000e+07
5.561000000000000000e+04
7.428414000000000000e+06
3.818118300000000000e+07
4.499693100000000000e+07
4.128595500000000000e+07
4.848673000000000000e+07
3.326599400000000000e+07
4.287521300000000000e+07
2.911265600000000000e+07
2.785108800000000000e+07
3.053806700000000000e+07
1.315464400000000000e+07
2.552456700000000000e+07
4.851131900000000000e+07
2.405820000000000000e+07
1.557948700000000000e+07
4.249021000000000000e+07
3.107800000000000000e+04
4.793789500000000000e+07
4.506250400000000000e+07
1.341803000000000000e+06
3.637079600000000000e+07
1.367895700000000000e+07
3.821399800000000000e+07
1.562865800000000000e+07
3.039065000000000000e+07
4.128601200000000000e+07
3.032511600000000000e+07
1.554675100000000000e+07
1.878259200000000000e+07
2.513958500000000000e+07
4.113037100000000000e+07
3.188979800000000000e+07
2.995648800000000000e+07
3.477338700000000000e+07
5.396879000000000000e+06
3.315137600000000000e+07
5.880219000000000000e+06
2.541814000000000000e+07
3.748495500000000000e+07
4.929947000000000000e+06
5.313987800000000000e+07
6.570000000000000000e+03
4.806903600000000000e+07
4.561963200000000000e+07
4.865886400000000000e+07
3.836152300000000000e+07
7.150003000000000000e+06
2.903084300000000000e+07
3.935700000000000000e+04
2.404191700000000000e+07
2.350943900000000000e+07
4.649619100000000000e+07
4.418604900000000000e+07
4.084371500000000000e+07
2.264109300000000000e+07
2.877690400000000000e+07
6.216137000000000000e+06
3.882029800000000000e+07
2.709962000000000000e+06
5.564667000000000000e+07
4.125332700000000000e+07
3.015316700000000000e+07
4.470216100000000000e+07
4.176123700000000000e+07
1.630050200000000000e+07
6.765014000000000000e+06
9.411032000000000000e+06
1.118050600000000000e+07
2.848201400000000000e+07
4.755299000000000000e+07
2.588515100000000000e+07
8.083938000000000000e+06
4.398128300000000000e+07
3.349552800000000000e+07
3.202097000000000000e+07
3.905790200000000000e+07
2.437784000000000000e+07
4.398129800000000000e+07
4.633241000000000000e+07
4.462028300000000000e+07
4.492339000000000000e+07
4.172032100000000000e+07
4.857702500000000000e+07
4.850330200000000000e+07
4.282624700000000000e+07
5.675529000000000000e+06
1.019751800000000000e+07
4.058984200000000000e+07
5.073973500000000000e+07
3.152950100000000000e+07
4.711069400000000000e+07
2.952247200000000000e+07
3.689527300000000000e+07
2.305898800000000000e+07
3.660036700000000000e+07
4.667953000000000000e+06
2.643409800000000000e+07
4.807736600000000000e+07
2.309400000000000000e+04
8.837692000000000000e+06
4.248224000000000000e+07
1.751302400000000000e+07
2.310900000000000000e+04
4.664378200000000000e+07
2.957165400000000000e+07
6.730000000000000000e+03
4.802823500000000000e+07
2.033108200000000000e+07
1.781614500000000000e+07
4.850338100000000000e+07
3.689533200000000000e+07
2.590986400000000000e+07
1.453937400000000000e+07
4.676207000000000000e+06
4.778251300000000000e+07
4.070463200000000000e+07
5.558949600000000000e+07
3.725580000000000000e+07
4.551333900000000000e+07
4.464498500000000000e+07
8.870300000000000000e+04
6.011527000000000000e+06
4.535770400000000000e+07
4.450573700000000000e+07
2.645876300000000000e+07
3.522420600000000000e+07
3.102991000000000000e+07
3.957800000000000000e+04
4.109788500000000000e+07
4.117981000000000000e+07
4.777437100000000000e+07
5.552400300000000000e+07
2.320400000000000000e+04
4.498909500000000000e+07
4.774980100000000000e+07
2.735991900000000000e+07
3.450334300000000000e+07
4.153208900000000000e+07
3.533075000000000000e+07
4.791366300000000000e+07
3.623187200000000000e+07
1.164768700000000000e+07
3.484745300000000000e+07
4.599676900000000000e+07
5.564694500000000000e+07
3.965000000000000000e+04
2.047049900000000000e+07
4.697162200000000000e+07
2.374086900000000000e+07
3.875505400000000000e+07
4.575102200000000000e+07
3.966400000000000000e+04
2.044593800000000000e+07
1.702168400000000000e+07
3.202943000000000000e+07
1.064831100000000000e+07
5.566335600000000000e+07
2.505468000000000000e+06
2.257587300000000000e+07
3.968200000000000000e+04
4.173697000000000000e+07
2.713882600000000000e+07
8.968974000000000000e+06
3.148059200000000000e+07
8.305429000000000000e+06
2.772046900000000000e+07
1.400706800000000000e+07
3.333199900000000000e+07
1.757059300000000000e+07
1.106614600000000000e+07
2.441091500000000000e+07
3.971400000000000000e+04
9.108259000000000000e+06
4.492369100000000000e+07
4.850359600000000000e+07
1.140203800000000000e+07
8.753190000000000000e+05
1.753784700000000000e+07
2.173215800000000000e+07
4.878214500000000000e+07
3.558483900000000000e+07
1.755424800000000000e+07
4.007405500000000000e+07
3.180833100000000000e+07
3.519162900000000000e+07
2.060167800000000000e+07
4.816775700000000000e+07
8.507690000000000000e+05
5.598293100000000000e+07
4.556271700000000000e+07
5.479510300000000000e+07
5.595017700000000000e+07
3.158900000000000000e+04
3.097277500000000000e+07
4.850365600000000000e+07
4.199920900000000000e+07
2.589373700000000000e+07
4.877399500000000000e+07
3.609277600000000000e+07
6.060907000000000000e+06
3.885348600000000000e+07
1.740683300000000000e+07
5.576997100000000000e+07
4.672601000000000000e+07
1.016511400000000000e+07
4.773362800000000000e+07
4.913446000000000000e+07
4.178623600000000000e+07
4.458790100000000000e+07
1.850242000000000000e+06
2.694020000000000000e+06
2.643443600000000000e+07
6.439000000000000000e+04
4.677517500000000000e+07
5.336154400000000000e+07
3.915661500000000000e+07
3.437249100000000000e+07
4.628366000000000000e+07
2.032321300000000000e+07
4.955022000000000000e+06
1.734133000000000000e+07
3.055503000000000000e+07
5.564712600000000000e+07
1.703003900000000000e+07
4.847913300000000000e+07
2.713078400000000000e+07
5.567990600000000000e+07
3.798518800000000000e+07
2.808925600000000000e+07
4.800400900000000000e+07
4.622634600000000000e+07
1.704644100000000000e+07
4.887236400000000000e+07
1.891241000000000000e+06
3.888631900000000000e+07
2.917060900000000000e+07
1.556370000000000000e+07
2.055263800000000000e+07
4.404729400000000000e+07
4.945401600000000000e+07
1.050925000000000000e+07
2.312493300000000000e+07
8.083900000000000000e+04
2.931808800000000000e+07
4.070497500000000000e+07
2.031508900000000000e+07
4.091797500000000000e+07
5.345993300000000000e+07
4.315440600000000000e+07
1.916004200000000000e+07
3.559319500000000000e+07
6.978541000000000000e+06
4.748798300000000000e+07
5.344356800000000000e+07
2.528766900000000000e+07
4.852837400000000000e+07
2.429644000000000000e+07
3.512260000000000000e+05
3.811634900000000000e+07
8.090300000000000000e+04
1.676800800000000000e+07
6.634510000000000000e+06
2.130638400000000000e+07
2.004482100000000000e+07
2.638543200000000000e+07
4.158978500000000000e+07
1.616181800000000000e+07
2.877750100000000000e+07
5.586025400000000000e+07
7.158816000000000000e+06
4.919196900000000000e+07
3.065347300000000000e+07
5.600771400000000000e+07
1.639939800000000000e+07
1.938128700000000000e+07
1.739882700000000000e+07
3.025207700000000000e+07
2.505835100000000000e+07
3.773956700000000000e+07
3.388114200000000000e+07
3.021889000000000000e+06
5.569645000000000000e+07
4.923296100000000000e+07
5.582752500000000000e+07
4.815162300000000000e+07
4.421127200000000000e+07
2.622983300000000000e+07
1.946324400000000000e+07
3.902574100000000000e+07
5.168238200000000000e+07
4.513698200000000000e+07
4.951151500000000000e+07
3.161199800000000000e+07
4.604631000000000000e+07
1.883240000000000000e+06
4.862679700000000000e+07
1.539186100000000000e+07
5.414007000000000000e+06
3.915685700000000000e+07
8.101700000000000000e+04
3.961561200000000000e+07
8.019220000000000000e+05
8.103100000000000000e+04
2.878580100000000000e+07
4.616103500000000000e+07
2.298586900000000000e+07
5.602420500000000000e+07
4.008400000000000000e+04
5.224770400000000000e+07
5.589314600000000000e+07
3.431541900000000000e+07
4.010300000000000000e+04
3.781341500000000000e+07
1.577693500000000000e+07
3.625693900000000000e+07
9.002156000000000000e+06
3.192300000000000000e+04
3.343071100000000000e+07
1.143519200000000000e+07
1.149253900000000000e+07
4.012500000000000000e+04
4.892998400000000000e+07
4.852857800000000000e+07
1.324563600000000000e+07
5.577850100000000000e+07
2.167521000000000000e+07
2.881044300000000000e+07
2.381332300000000000e+07
3.952557900000000000e+07
3.195200000000000000e+04
5.404181400000000000e+07
3.638806100000000000e+07
1.635863200000000000e+07
3.493809100000000000e+07
2.522238000000000000e+07
5.299326100000000000e+07
4.017300000000000000e+04
4.017500000000000000e+04
5.568843400000000000e+07
4.017900000000000000e+04
4.018000000000000000e+04
2.591051700000000000e+07
6.077683000000000000e+06
4.018400000000000000e+04
4.036940000000000000e+07
8.115000000000000000e+04
4.027110300000000000e+07
4.212250000000000000e+07
4.179482200000000000e+07
4.727527300000000000e+07
4.020400000000000000e+04
1.751374100000000000e+07
8.116700000000000000e+04
4.020800000000000000e+04
4.831566400000000000e+07
4.482587200000000000e+07
3.201500000000000000e+04
2.795854900000000000e+07
2.314984700000000000e+07
5.019164100000000000e+07
4.169653800000000000e+07
1.024745200000000000e+07
4.776681300000000000e+07
3.225116800000000000e+07
4.023000000000000000e+04
9.757900000000000000e+04
5.576222500000000000e+07
2.776197100000000000e+07
1.895557300000000000e+07
3.464325400000000000e+07
2.537810300000000000e+07
4.747192800000000000e+07
1.790700100000000000e+07
4.024500000000000000e+04
4.771769600000000000e+07
1.083731600000000000e+07
7.863628000000000000e+06
4.263047700000000000e+07
4.592366200000000000e+07
5.599163200000000000e+07
4.790613100000000000e+07
1.917678800000000000e+07
4.027700000000000000e+04
5.563939200000000000e+07
1.050147300000000000e+07
7.305800000000000000e+04
8.830307000000000000e+06
5.300157000000000000e+07
3.982064200000000000e+07
1.786608800000000000e+07
2.811429000000000000e+07
3.719102600000000000e+07
2.092171800000000000e+07
4.766040700000000000e+07
2.548466300000000000e+07
3.994354500000000000e+07
4.616127200000000000e+07
4.808639400000000000e+07
4.248307100000000000e+07
1.816102600000000000e+07
4.032900000000000000e+04
4.255681400000000000e+07
1.498254700000000000e+07
5.267393900000000000e+07
2.062683700000000000e+07
1.001819800000000000e+07
8.130800000000000000e+04
7.691677000000000000e+06
2.988380800000000000e+07
3.030979600000000000e+07
3.890320500000000000e+07
3.120549000000000000e+06
4.172944700000000000e+07
4.799632800000000000e+07
2.656605700000000000e+07
3.767441000000000000e+07
5.109290600000000000e+07
1.675204100000000000e+07
7.249337000000000000e+06
5.574598500000000000e+07
5.080621600000000000e+07
4.285178600000000000e+07
4.151649400000000000e+07
1.399137400000000000e+07
4.081198700000000000e+07
3.518408900000000000e+07
2.883529200000000000e+07
1.585917200000000000e+07
9.002484000000000000e+06
1.685861400000000000e+07
5.573784800000000000e+07
4.618598400000000000e+07
5.597543100000000000e+07
3.623271200000000000e+07
4.231117600000000000e+07
8.141900000000000000e+04
3.214490800000000000e+07
4.616142000000000000e+07
4.467047900000000000e+07
3.661338000000000000e+06
4.157391400000000000e+07
3.106358000000000000e+07
4.547331000000000000e+07
2.405943300000000000e+07
6.733357000000000000e+06
7.257646000000000000e+06
5.583621200000000000e+07
3.199749400000000000e+07
4.653010200000000000e+07
4.162309500000000000e+07
7.380540000000000000e+06
3.231800000000000000e+04
5.217439900000000000e+07
8.147300000000000000e+04
2.194592800000000000e+07
7.257676000000000000e+06
3.096144000000000000e+06
3.344750900000000000e+07
3.782203800000000000e+07
4.435106600000000000e+07
8.150200000000000000e+04
8.158819000000000000e+06
4.056637200000000000e+07
4.784086800000000000e+07
4.677592400000000000e+07
4.255705100000000000e+07
3.777292400000000000e+07
4.030425300000000000e+07
1.822681400000000000e+07
7.405184000000000000e+06
2.868800100000000000e+07
4.098419500000000000e+07
4.693158900000000000e+07
5.582810500000000000e+07
2.490007000000000000e+06
2.749199300000000000e+07
3.221877800000000000e+07
4.767708300000000000e+07
1.798928000000000000e+07
1.620342800000000000e+07
9.731752000000000000e+06
3.007249000000000000e+07
2.068445800000000000e+07
2.778693400000000000e+07
6.520700000000000000e+04
2.495250600000000000e+07
4.049273200000000000e+07
4.989715100000000000e+07
2.396947500000000000e+07
5.456659500000000000e+07
8.160700000000000000e+04
3.326739900000000000e+07
3.688007200000000000e+07
3.581511700000000000e+07
3.791226900000000000e+07
2.285537400000000000e+07
5.343612000000000000e+07
3.788770500000000000e+07
4.008316000000000000e+07
2.759855500000000000e+07
4.533424000000000000e+07
2.424803200000000000e+07
4.355658100000000000e+07
3.759280500000000000e+07
3.885438100000000000e+07
4.831614400000000000e+07
5.110962000000000000e+07
4.592409000000000000e+07
4.468709900000000000e+07
2.395314800000000000e+07
1.192730200000000000e+07
3.252400000000000000e+04
4.502299500000000000e+07
1.443406700000000000e+07
4.484277700000000000e+07
2.596841400000000000e+07
1.696540600000000000e+07
4.509673800000000000e+07
4.193463100000000000e+07
4.072221700000000000e+07
4.557188500000000000e+07
4.077137500000000000e+07
7.352000000000000000e+04
5.106053600000000000e+07
4.363039400000000000e+07
1.069036900000000000e+07
1.065760300000000000e+07
4.978259800000000000e+07
3.602003900000000000e+07
3.501242300000000000e+07
1.010055300000000000e+07
2.620602600000000000e+07
1.616263100000000000e+07
3.232544800000000000e+07
4.775918400000000000e+07
4.218862500000000000e+07
3.259300000000000000e+04
2.035694500000000000e+07
2.510011900000000000e+07
2.108604000000000000e+07
3.835478200000000000e+07
4.798857400000000000e+07
3.599549500000000000e+07
2.692695200000000000e+07
2.418264300000000000e+07
1.547454900000000000e+07
2.423999000000000000e+07
4.435954600000000000e+07
4.240166300000000000e+07
2.297024900000000000e+07
2.903232900000000000e+07
2.292929300000000000e+07
3.655259600000000000e+07
2.990069500000000000e+07
3.456195200000000000e+07
2.078301200000000000e+07
4.569488500000000000e+07
5.598403700000000000e+07
5.594307600000000000e+07
3.822378600000000000e+07
2.055364300000000000e+07
4.007518300000000000e+07
3.156369900000000000e+07
2.287198900000000000e+07
1.931666100000000000e+07
3.968197600000000000e+07
2.280645700000000000e+07
2.297848900000000000e+07
3.327583400000000000e+07
2.672224100000000000e+07
5.808070000000000000e+06
3.551226300000000000e+07
4.801325700000000000e+07
3.479956700000000000e+07
1.761233000000000000e+06
2.662395500000000000e+07
3.877269300000000000e+07
4.337659800000000000e+07
1.090351000000000000e+07
3.360354600000000000e+07
3.589730700000000000e+07
2.205282700000000000e+07
3.827299000000000000e+07
4.438422500000000000e+07
1.443427400000000000e+07
1.856304400000000000e+07
5.327255000000000000e+07
3.802723900000000000e+07
4.929943700000000000e+07
2.957310200000000000e+07
4.972525000000000000e+06
3.442276800000000000e+07
2.531326300000000000e+07
4.241816200000000000e+07
1.518796000000000000e+07
2.284748100000000000e+07
4.095997000000000000e+06
