1.000000000000000000e+00 1.245384544267943525e-30 1.000000000000000000e+00 0.000000000000000000e+00
1.000000000000000000e+00 4.357486696071571135e-146 1.000000000000000000e+00 1.000000000000000000e+00
9.999999999999993339e-01 5.593415365662364423e-16 0.000000000000000000e+00 2.000000000000000000e+00
1.000000000000000000e+00 1.822722058531743635e-50 0.000000000000000000e+00 3.000000000000000000e+00
4.665896268632030999e-39 1.000000000000000000e+00 1.000000000000000000e+00 5.000000000000000000e+00
9.592802618798417014e-65 1.000000000000000000e+00 1.000000000000000000e+00 6.000000000000000000e+00
1.000000000000000000e+00 2.968199146155125038e-29 1.000000000000000000e+00 7.000000000000000000e+00
4.187219988842272866e-01 5.812780011157727689e-01 0.000000000000000000e+00 8.000000000000000000e+00
1.000000000000000000e+00 4.161728334594178122e-65 0.000000000000000000e+00 9.000000000000000000e+00
1.000000000000000000e+00 5.781828193947017696e-96 1.000000000000000000e+00 1.000000000000000000e+01
9.999803667552571440e-01 1.963324474292178721e-05 1.000000000000000000e+00 1.100000000000000000e+01
1.553501899256311142e-21 1.000000000000000000e+00 0.000000000000000000e+00 1.200000000000000000e+01
0.000000000000000000e+00 1.000000000000000000e+00 0.000000000000000000e+00 1.300000000000000000e+01
1.000000000000000000e+00 8.471938705125687548e-24 0.000000000000000000e+00 1.400000000000000000e+01
3.500071606124211608e-26 1.000000000000000000e+00 1.000000000000000000e+00 1.600000000000000000e+01
3.732650567872218401e-19 1.000000000000000000e+00 1.000000000000000000e+00 1.700000000000000000e+01
9.999999966203276802e-01 3.379672306178022656e-09 1.000000000000000000e+00 1.800000000000000000e+01
9.999999999999866773e-01 1.321417629720480427e-14 0.000000000000000000e+00 1.900000000000000000e+01
4.409455711122858782e-160 1.000000000000000000e+00 0.000000000000000000e+00 2.100000000000000000e+01
1.424212222165430582e-243 1.000000000000000000e+00 1.000000000000000000e+00 2.200000000000000000e+01
1.000000000000000000e+00 6.960674641661402018e-34 1.000000000000000000e+00 2.300000000000000000e+01
1.000000000000000000e+00 8.969013289591960497e-33 0.000000000000000000e+00 2.400000000000000000e+01
1.000000000000000000e+00 5.689558927537704215e-36 1.000000000000000000e+00 2.600000000000000000e+01
8.266987823522078830e-43 1.000000000000000000e+00 1.000000000000000000e+00 2.700000000000000000e+01
1.000000000000000000e+00 0.000000000000000000e+00 0.000000000000000000e+00 2.800000000000000000e+01
2.387129950697076913e-84 1.000000000000000000e+00 0.000000000000000000e+00 2.900000000000000000e+01
0.000000000000000000e+00 1.000000000000000000e+00 0.000000000000000000e+00 3.100000000000000000e+01
6.275484171894016429e-10 9.999999993724515424e-01 1.000000000000000000e+00 3.200000000000000000e+01
0.000000000000000000e+00 1.000000000000000000e+00 0.000000000000000000e+00 3.300000000000000000e+01
9.999988448625042325e-01 1.155137495907202063e-06 1.000000000000000000e+00 3.400000000000000000e+01
1.000000000000000000e+00 0.000000000000000000e+00 0.000000000000000000e+00 3.500000000000000000e+01
9.995016480867111586e-01 4.983519132887231440e-04 1.000000000000000000e+00 3.700000000000000000e+01
6.161214221834893090e-01 3.838785778165106355e-01 1.000000000000000000e+00 3.800000000000000000e+01
1.000000000000000000e+00 8.797338314681914631e-94 0.000000000000000000e+00 3.900000000000000000e+01
1.000000000000000000e+00 2.911373475732845928e-123 0.000000000000000000e+00 4.000000000000000000e+01
1.000000000000000000e+00 1.852426811497267247e-42 1.000000000000000000e+00 4.100000000000000000e+01
1.000000000000000000e+00 2.094399677264139120e-291 0.000000000000000000e+00 4.200000000000000000e+01
1.000000000000000000e+00 9.107147326489747236e-27 1.000000000000000000e+00 4.300000000000000000e+01
1.000000000000000000e+00 0.000000000000000000e+00 1.000000000000000000e+00 4.400000000000000000e+01
1.972330705746688846e-212 1.000000000000000000e+00 1.000000000000000000e+00 4.500000000000000000e+01
9.997038329256686673e-01 2.961670743313533135e-04 1.000000000000000000e+00 4.600000000000000000e+01
1.000000000000000000e+00 1.665760369092980054e-20 0.000000000000000000e+00 4.800000000000000000e+01
0.000000000000000000e+00 1.000000000000000000e+00 0.000000000000000000e+00 4.900000000000000000e+01
1.000000000000000000e+00 0.000000000000000000e+00 0.000000000000000000e+00 5.000000000000000000e+01
0.000000000000000000e+00 1.000000000000000000e+00 0.000000000000000000e+00 5.200000000000000000e+01
0.000000000000000000e+00 1.000000000000000000e+00 0.000000000000000000e+00 5.300000000000000000e+01
0.000000000000000000e+00 1.000000000000000000e+00 0.000000000000000000e+00 5.400000000000000000e+01
0.000000000000000000e+00 1.000000000000000000e+00 0.000000000000000000e+00 5.500000000000000000e+01
1.000000000000000000e+00 2.027286761097331312e-175 1.000000000000000000e+00 5.600000000000000000e+01
0.000000000000000000e+00 1.000000000000000000e+00 0.000000000000000000e+00 5.800000000000000000e+01
3.566549645624142125e-11 9.999999999643345294e-01 0.000000000000000000e+00 5.900000000000000000e+01
1.042368611166321356e-09 9.999999989576313641e-01 1.000000000000000000e+00 6.000000000000000000e+01
1.000000000000000000e+00 5.909414528319108323e-64 1.000000000000000000e+00 6.100000000000000000e+01
9.050617911090343995e-37 1.000000000000000000e+00 0.000000000000000000e+00 6.200000000000000000e+01
3.004754481026368014e-42 1.000000000000000000e+00 1.000000000000000000e+00 6.300000000000000000e+01
1.000000000000000000e+00 2.474315617781781308e-58 0.000000000000000000e+00 6.400000000000000000e+01
1.000000000000000000e+00 4.397213242271073340e-29 1.000000000000000000e+00 6.500000000000000000e+01
1.000000000000000000e+00 1.519722816101036108e-55 1.000000000000000000e+00 6.600000000000000000e+01
1.000000000000000000e+00 0.000000000000000000e+00 0.000000000000000000e+00 7.000000000000000000e+01
9.999564593329036688e-01 4.354066709622781268e-05 1.000000000000000000e+00 7.100000000000000000e+01
1.000000000000000000e+00 1.222407419177644824e-47 1.000000000000000000e+00 7.200000000000000000e+01
1.000000000000000000e+00 8.377598667524618562e-66 1.000000000000000000e+00 7.300000000000000000e+01
1.000000000000000000e+00 0.000000000000000000e+00 1.000000000000000000e+00 7.400000000000000000e+01
0.000000000000000000e+00 1.000000000000000000e+00 1.000000000000000000e+00 7.500000000000000000e+01
4.636900144220589569e-142 1.000000000000000000e+00 0.000000000000000000e+00 7.600000000000000000e+01
7.352893367247447023e-24 1.000000000000000000e+00 0.000000000000000000e+00 7.700000000000000000e+01
1.614418345613209086e-93 1.000000000000000000e+00 0.000000000000000000e+00 8.000000000000000000e+01
0.000000000000000000e+00 1.000000000000000000e+00 0.000000000000000000e+00 8.100000000000000000e+01
1.000000000000000000e+00 0.000000000000000000e+00 0.000000000000000000e+00 8.200000000000000000e+01
1.000000000000000000e+00 1.334131482702008642e-17 1.000000000000000000e+00 8.300000000000000000e+01
5.883335244877592185e-01 4.116664755122407260e-01 1.000000000000000000e+00 8.400000000000000000e+01
9.999660096440468049e-01 3.399035595325902655e-05 0.000000000000000000e+00 8.500000000000000000e+01
1.000000000000000000e+00 0.000000000000000000e+00 1.000000000000000000e+00 8.600000000000000000e+01
1.894962822463693750e-09 9.999999981050371467e-01 0.000000000000000000e+00 8.700000000000000000e+01
1.000000000000000000e+00 1.481016833977511895e-30 0.000000000000000000e+00 8.800000000000000000e+01
3.667782781278313270e-84 1.000000000000000000e+00 0.000000000000000000e+00 8.900000000000000000e+01
6.466670773835692110e-01 3.533329226164307335e-01 1.000000000000000000e+00 9.000000000000000000e+01
7.877788665342652097e-01 2.122211334657348181e-01 1.000000000000000000e+00 9.100000000000000000e+01
1.000000000000000000e+00 0.000000000000000000e+00 1.000000000000000000e+00 9.300000000000000000e+01
1.000000000000000000e+00 1.250211091961815544e-118 0.000000000000000000e+00 9.400000000000000000e+01
1.000000000000000000e+00 0.000000000000000000e+00 0.000000000000000000e+00 9.500000000000000000e+01
9.999999161996263597e-01 8.380037366331650288e-08 0.000000000000000000e+00 9.600000000000000000e+01
1.000000000000000000e+00 1.416217104958291283e-178 0.000000000000000000e+00 9.700000000000000000e+01
1.000000000000000000e+00 1.640432039543905974e-153 0.000000000000000000e+00 9.800000000000000000e+01
9.426512598390108577e-18 1.000000000000000000e+00 0.000000000000000000e+00 9.900000000000000000e+01
9.999999999999997780e-01 1.466739760756003064e-16 1.000000000000000000e+00 1.000000000000000000e+02
1.000000000000000000e+00 5.303080112184566315e-33 1.000000000000000000e+00 1.010000000000000000e+02
5.751503783697756088e-210 1.000000000000000000e+00 1.000000000000000000e+00 1.020000000000000000e+02
1.000000000000000000e+00 2.148626498821178652e-64 0.000000000000000000e+00 1.040000000000000000e+02
0.000000000000000000e+00 1.000000000000000000e+00 1.000000000000000000e+00 1.050000000000000000e+02
5.309550032819695151e-87 1.000000000000000000e+00 1.000000000000000000e+00 1.060000000000000000e+02
6.160926366518983558e-112 1.000000000000000000e+00 0.000000000000000000e+00 1.070000000000000000e+02
9.999999981807528027e-01 1.819247166790689880e-09 0.000000000000000000e+00 1.080000000000000000e+02
9.995639058231600149e-01 4.360941768399243120e-04 1.000000000000000000e+00 1.090000000000000000e+02
0.000000000000000000e+00 1.000000000000000000e+00 0.000000000000000000e+00 1.100000000000000000e+02
