397.254

MIC = [365.138]
Random = [429.356]

384.314
419.984


392.52
429.872


393.536
401.718



50.032

MIC = 49.064, 48.72, 46.064, 50.58, 35.314
Random = 49.91, 49.736, 51.034, 52.428, 51.174


[823, 4472, 1205, 63, 265, 3413, 1344, 4080, 4898, 831]

294.104 72.59843788953039
random
[294.544, 306.368, 291.368, 292.956, 292.684] [67.10785396658127, 74.20771237546674, 72.25898266651697, 66.20321792783187, 74.18463549819464]
mic
[298.556, 297.06, 287.588, 287.548, 231.284] [72.44986448572557, 65.16484021310879, 71.38214241671372, 67.41340887390282, 58.75967447152852]



10 randomly sampled GT fake seeds: [2875, 3023, 109, 3361, 3722, 403]
[20, 50, 100, 250, 500]
34.56 45.333501960470684
random
[31.26, 38.52, 31.96, 28.38, 20.42] [27.644753570976178, 49.20985267200056, 30.4466484198179, 28.289849769837947, 14.18039491692668]
mic
[25.32, 26.0, 24.44, 26.88, 17.4] [23.331043697185944, 18.55478374975036, 30.85978613017271, 25.57470625442255, 9.789790600416332]31.638 36.51918613550965


31.638 36.51918613550965
random
[28.13, 29.598, 29.516, 27.764, 29.45] [25.644670011524813, 26.759603808726315, 32.210584347384945, 26.813808084641764, 30.51293987802552]
mic
[29.246, 25.718, 25.794, 24.378, 21.918] [31.658387261514132, 28.992662451040953, 29.24783007335758, 22.949839127976475, 16.63019170063893]


[1458, 2081, 4662, 2102, 2176, 588]
=== MIC intervention:
232.1
282.1068769101526
[20, 50, 100, 250, 500]
404.9 449.02370761464255
random
[422.4, 294.4, 378.6, 354.4, 428.2] [386.3656817058161, 340.26201668714066, 426.22510484484604, 367.7200565647732, 540.432937560249]
mic
[209.4, 223.7, 401.7, 87.7, 232.1] [284.2010555926913, 282.2775407289783, 442.02489748881794, 120.50149376667495, 282.1068769101526]